10000
167
3206
-1582
1273
4261
-33
-1523
-4728
215
6478
-4197
4380
6326
-1316
7750
-4831
3543
5402
4569
-5776
7216
9635
-5870
6988
9611
-3878
-2616
6641
8780
4161
7183
-4395
-3459
-5170
4935
-2959
4036
8103
-2099
-1291
5737
2181
-5147
-2783
-276
-9564
4833
74
-2777
-2325
-130
-7314
-819
-7598
712
6303
7312
3189
5811
-989
-2810
-4532
-2549
-1527
-5887
-7294
6942
4924
7611
2792
-6116
-2066
923
-6134
6542
3397
7585
7440
6386
9439
-688
-7070
-1238
985
2036
-4048
-589
-8255
-9741
-4810
7615
6757
8988
9327
8038
2795
-4760
-6161
-9007
-8857
-3425
-8861
8616
55
-1428
-8197
-8455
5272
3152
-1222
4196
3767
-3710
970
-8497
-9774
-1678
3607
8866
-5471
-3412
-7066
815
-3672
-3670
-2319
3222
-9727
-2316
-5847
-2267
318
-7924
5699
7579
4850
-367
-3493
-3695
7951
6658
-5573
-2060
-1783
83
6385
9696
-2742
-9771
5371
5563
-2742
-4582
-4011
6831
-4989
-627
-7162
-8105
-9184
-1554
9626
-4610
-9571
-117
-3504
-1963
1583
183
6999
-98
-2539
-7163
7552
615
-6098
5544
2593
-4914
9364
-3735
7964
5765
8933
-1308
-3550
-6257
-5731
3102
9901
1740
-5197
-7957
-2626
5809
2372
-3348
1835
4644
-3883
5301
1367
-1722
5493
4693
64
-9397
7654
9723
5087
-3064
219
-4341
-1774
2457
-5276
-8327
8716
4210
-699
4072
5841
9430
-5497
6964
7486
-9662
5698
-871
307
-6745
2330
2655
-9261
-2446
-8534
3186
5371
-5937
-8299
-5428
2984
314
954
-938
8216
-3890
2867
8575
-5591
-9435
-6773
6363
-6996
-8533
4512
6680
8790
1164
-421
2249
2421
8998
-9905
3452
-6681
2750
4408
-316
-4997
-8691
-6621
-9629
-23
8999
530
3757
-4341
-1193
5708
5825
7393
4615
7954
-4949
4861
-4874
3133
5333
4855
2465
-8691
-584
-9972
-9227
2182
9643
9953
-9559
1159
3369
-8240
6741
8697
-1571
-766
1574
5965
-136
-9947
9504
2702
3351
-4195
8656
8632
-348
8074
3914
6501
-8059
-3672
-1314
-2470
-7336
-98
-9143
8401
-1831
-2677
-9351
1822
5137
-8085
1094
1430
6313
9674
-4200
-7433
3725
-357
4801
-282
-4676
-9712
9627
6820
-8932
-1585
-7593
-92
-5665
-5740
-4649
-9471
-3295
-6547
2090
8032
-2344
-4455
1565
3751
2614
3687
-9190
-5300
990
-8816
4105
5641
-1587
-7040
-3183
-393
-8419
-385
-6881
-7480
-40
-3829
-8282
5511
-2074
-9999
-4564
5859
9231
-2831
1352
-5991
6973
2520
8200
1004
-5760
9529
-7167
3188
5159
-5096
2825
-805
-5335
3097
4899
6971
-7227
-3327
-5974
-6753
-3004
-1590
7768
8753
3166
9382
-9896
3535
-9041
3142
4541
-3770
1430
-531
7195
-8074
2994
8103
4767
4061
9253
3054
4381
1577
4742
8903
3316
-2759
496
-6716
-7170
-7495
-1944
6832
-4907
-8120
-7734
-4566
3078
7492
3349
5429
5992
7769
-8701
9023
8789
9313
7137
-9072
-6635
813
-9357
-3276
2599
8986
8312
-1301
-3893
-1850
-3290
636
-3221
-5497
-2458
-3493
-1529
7331
-4870
8990
-873
9327
-6227
-2656
-5363
-1620
7898
-4701
-4345
4042
8052
1518
4545
-4254
-1646
2688
696
3090
6850
-3061
765
-8731
8691
33
-8175
-8517
-32
8024
-6387
1661
3524
-6820
-6914
952
-6460
-1356
-225
6208
-6822
-2347
5375
-5090
6589
-7511
-9261
-8398
-9329
-951
-7675
4276
-9033
-6840
6693
7672
7750
-8753
-1030
7097
-9119
-5652
-4988
-9005
9879
-4093
-9938
8411
3423
2743
7660
-5470
-4898
-2428
-1976
3426
8904
2925
-5871
-5390
9646
-7017
7443
2142
-8327
5799
-8856
7960
-4237
-8376
-2416
8793
-5085
-8575
-7328
-2278
4718
-917
9945
5699
695
3800
9056
-7563
8590
-5638
114
-6143
-1408
8867
-3057
3129
-4386
1624
291
-4420
5309
-2278
-6600
-8618
-273
4685
9912
1409
-1307
-9402
-4700
-2093
6044
-7637
3
5603
3113
-853
1737
2231
8794
-4982
898
4302
8943
-5176
-2007
7174
3397
6501
7328
-1201
-5190
-4969
514
1919
-4257
-2210
389
6978
2748
4390
6159
-9427
-9655
4111
-2199
-9429
5682
-7519
-1465
43
-2207
-1632
-1913
-8653
-3199
-6170
-9695
151
-3975
5632
8843
1864
-696
-3000
7645
-6300
-221
3656
-5155
-5113
5624
-3806
1014
-5012
-8900
-5065
-6614
-5558
3257
365
4833
7885
4929
1498
-3906
679
7589
8328
-718
5740
-9896
2563
3936
1000
-6358
-8269
-4919
-1715
2639
6927
9771
-2415
666
2883
-8952
-9810
-4161
-367
7008
751
2572
-5093
2919
7104
-8334
8808
6928
6758
5403
6937
294
-2410
3458
4877
-120
6337
9184
-8997
6144
-4227
-4897
3576
-957
-1965
8378
6505
7028
2485
9648
8879
4174
5566
1823
-8303
-1486
-5087
2951
-4196
-1997
-9118
-2287
-8939
5098
8201
7549
-4954
-1234
-8939
-3103
-920
40
8881
-6722
-1889
-7544
7792
-719
-4756
-8439
4440
4215
-6604
-1938
6482
-2292
5689
9391
-7591
6578
-2261
171
5882
6987
661
-3657
-872
5978
-3980
-4699
-7126
-7495
-6904
5932
6141
-806
-1687
-3866
-891
7206
-5219
2663
-6384
7920
2197
-5045
-7677
-2769
-9066
-6513
-3240
-3577
-4275
1746
7557
9497
-152
-7081
-6367
3035
-6830
-1823
-8368
-2673
2664
-7705
-4570
990
7183
4915
9716
-3548
-8650
-7883
6452
7264
-3565
2507
-4188
3001
638
-3292
2945
-8876
-4290
-6567
-1796
8398
2688
3293
-4300
7052
6131
-190
-8817
-3204
5966
-7114
1455
-3526
5177
-9387
5849
-2635
1943
-3430
-8897
-697
-4724
-754
1948
6590
-1351
7160
-4763
-8745
-263
3411
-4333
2203
1234
816
-4941
-8818
-460
-3860
2277
789
-4049
-7158
-9494
-4111
4735
-6979
9289
9320
-2037
1455
-6384
-7865
-7994
1268
8982
1529
2813
-3352
3911
2276
-4411
7206
-862
4013
4257
-9363
-5086
-4160
5028
7937
7814
1463
-1884
9592
3036
-9354
-7446
6932
-8837
5153
116
-5739
7791
-6446
-4946
134
4686
-9639
-2295
-7706
9466
3099
8573
-2113
-2905
7933
1394
6460
-5229
1693
-5575
-7092
-3841
-3115
9047
-5168
3460
-4640
3772
5693
9561
-2396
-8458
-9022
-2265
-7820
8926
-2868
-5365
-8876
-2582
7373
-444
-4877
8703
-1443
-2656
-2687
-8927
-1575
-4773
3406
8380
-786
-5373
-229
-5259
-5384
7363
-7172
5800
-2855
2626
3485
-9643
-6753
904
6642
3887
-7740
4422
-4498
1776
-625
6103
-5649
-5293
-6578
7924
-6589
-6163
538
4096
1245
-7258
-6461
-7164
3520
9498
-3436
-9133
7577
4428
-8098
5544
7652
6461
-5135
2895
-3830
4807
8159
-7983
-2180
-6019
682
2473
-8400
8645
-2736
6171
6318
-5875
-7800
-1212
8707
7717
4377
9764
-6813
2887
-3469
-4656
-3998
6423
3932
-3019
-8080
6169
-970
-1693
8950
-4728
8464
-6284
-2749
6050
7885
-5019
9644
-506
-5965
7366
3867
-9205
891
6082
-3137
-1176
9334
2767
7336
6680
7523
-4851
-7457
4978
-3359
-6472
-6440
-6929
-665
-5049
-3754
3688
3551
-9287
1874
1033
6166
-435
-3337
8585
-237
-3142
-1412
1721
7286
9044
5685
9977
9980
-5035
9563
3725
3151
289
6101
-566
-9492
2590
1661
-6829
-7994
-5208
-5953
-8005
-9114
4268
-1920
-4896
8107
-7132
2888
1454
2690
-8576
-2208
-2689
44
-4925
-9832
-4016
2588
4107
4824
-4572
-5819
-6395
4753
-9818
-1052
-5562
-1532
8476
9619
850
8463
3814
4190
-6253
8887
2378
-4556
5742
-6305
6951
5117
-4135
-6694
7345
-1869
1717
9832
3897
2313
-7749
-5393
1462
9157
-9890
9830
-2310
8671
3606
-5196
-736
-3722
3968
7419
-872
7124
-122
1295
-5115
-5534
5034
3887
6217
-7848
-3046
-4137
7198
-6551
-6190
-983
1956
-2396
473
6925
-1609
-6545
-8335
8201
-6030
-2179
-938
3140
-9336
-4182
858
9003
-9006
-1357
5006
-5609
-9429
-1180
-4277
5292
3023
-2216
-4743
-3601
5602
568
-5538
-6798
4340
-912
970
9068
8206
-3813
-5920
9596
1159
-3947
7842
1774
2680
-9189
-1116
-9970
1769
-5197
-3864
-6700
-3270
-7741
6766
2880
8587
4446
4365
4345
-819
2400
5775
2355
-1245
-4190
6523
4243
6567
-5419
-4823
-6417
207
-1175
-3966
-4973
-1289
3798
7942
-7397
-6877
-497
-8433
-3493
1767
-2803
3076
8783
-9082
7485
-1905
-1490
-8942
-4124
-1734
-97
6610
-2768
-1489
-5824
-4026
-8166
5110
6272
-6209
9055
2775
973
-1115
-8437
-6351
-6863
1940
3688
-9051
7395
3210
-7956
-9887
-6356
3729
2518
-3721
5620
-8323
-9520
8875
-357
1100
3022
-1985
6398
-280
-2293
5144
-9400
7204
2146
2225
3675
-4853
8388
6664
-9747
-3880
-1043
433
4631
7477
-4371
-9549
-9788
2400
-5312
5080
-5453
4566
-7018
1279
324
-5325
-7318
9595
-4253
-4501
5362
-2691
-2366
-6952
-6178
2038
-3451
9240
-1845
-3212
-4818
-8149
6241
6017
2610
1873
-4462
5196
-620
8503
7137
-8550
7556
-5676
4295
4357
5700
6979
2093
7527
2704
9837
2340
909
-6531
-1968
3452
-4896
-9890
7855
-1170
1528
1723
-2484
7653
375
6631
1221
366
-1439
-6391
3346
7072
8791
-3878
6261
-7676
1989
-9712
-2201
3945
9342
-5864
894
42
-4184
-554
-9511
-1815
3288
-959
3860
498
-535
1029
-9611
-5476
-2164
1220
5321
-4618
-3033
6551
792
9363
6205
-1037
-165
-3563
7597
5057
-7796
8264
-4127
8762
-3185
5302
7964
1734
6457
4538
8286
1578
-6878
-5920
9092
5183
-434
-8826
5307
6878
2104
7204
-4180
-5214
-1573
-9878
3374
-6122
-1040
-555
-3643
-281
5817
364
2946
5308
4531
6155
4658
990
-1517
6196
-9703
-5920
-9151
-1276
9080
8104
377
6524
-9486
-4665
-9299
-3103
-8687
-1058
8087
2969
-4569
-5787
6099
1632
8017
-9105
-5876
-2323
1455
1802
-5027
-9234
-486
-6604
9194
-6387
-6400
-688
-314
5969
6252
2240
2954
8898
-3195
-8238
-7821
-5543
8890
9419
-760
5758
-2657
2850
-5761
-4213
8814
-5187
-9185
-6012
-1987
1597
-8464
8240
-6783
1008
5962
6110
1940
-5251
7041
-5877
2385
-2587
-3569
-9106
2661
-4254
4969
9972
-9334
2498
858
3747
4189
-5150
-8275
3445
-4900
-4727
-8263
-7212
-895
8739
9534
683
1519
9104
7075
4096
-6979
6451
3826
-2018
7484
8860
3219
3262
8039
-1240
4275
2720
890
9627
1373
4142
-8507
-9385
4872
649
744
2078
6825
5746
-6720
-9433
5774
-8723
-8975
7891
-7762
2249
5825
6153
596
8135
6819
-3232
2454
8252
-4652
3410
-3659
4651
-3191
836
2247
6885
-682
6245
2873
-4238
-4876
1273
6227
657
-9546
6464
2444
-8557
-9633
-4563
-1922
8005
4023
-3200
-9518
1876
9920
1195
9166
-4187
-5726
9677
6909
-6594
-4963
-6003
-5583
-8816
-8763
-2687
2435
7414
8943
-1998
86
-7700
286
-9197
917
-8847
2033
-531
3466
1950
-6098
-3781
5618
-3396
-6614
6917
-8268
2108
-9561
-2080
-3804
3603
-7231
9524
3688
-8046
-2844
46
7061
1046
-425
-302
4499
1081
2021
-2963
3750
553
1096
3087
4736
-1854
-5794
-1234
8816
2779
-2865
-8534
-9006
-266
1172
-4599
-2615
-2128
-7314
-193
-6184
6985
5917
9744
6453
-1537
-8458
-130
-4893
8857
-7968
-6541
2489
-148
-2495
-1059
1691
-8002
-2555
-2406
-2378
-8923
7365
1541
8946
-4792
9807
-1982
-370
3279
3561
4415
4698
780
-882
6221
3719
-4885
390
-2213
9604
1014
-8876
3834
9495
4617
6505
-5194
-9286
1707
-7096
-1310
-7611
257
-8656
804
-6357
-3113
771
-3421
164
-3872
6730
7640
-7684
-3142
-7988
-252
-1529
1507
-6059
5076
-3301
-2865
9555
5388
3518
736
-7173
-2780
2634
-7565
3502
1140
5404
8264
-2028
6646
-3105
6951
7597
-2479
-2420
-3963
-5402
-9402
-9409
-3681
4426
8652
8971
3608
-9193
-3528
-1255
9649
3351
8870
7879
-2721
-970
5596
-5970
-3978
-6093
-7642
3730
1948
5658
-2498
1767
-1100
6163
-9538
-8997
1231
-198
-1911
-2958
853
-2477
8530
-2693
-2674
-1688
-7694
7802
1669
4781
-440
66
-1515
8725
6887
-5789
6786
7779
5752
-8835
-3569
-7615
-8344
1795
8771
3395
-4382
-5973
-8059
-2518
-4529
-1776
-6391
-1919
4375
6886
15
-2374
9960
-2594
-5459
-4849
-8822
-4515
-5085
-4459
4407
-7477
2803
8306
19
3713
6696
-6463
8829
-9972
-3363
1602
-7443
-1446
-7904
-3200
9338
-4314
-4296
5889
8949
-493
2643
6096
3641
-2459
3468
-283
-2739
-3807
-6392
3164
-7118
-8145
3402
6895
9368
-2689
616
-5410
-7861
-4146
-6154
-9317
319
707
7072
-6043
2679
-1575
7342
-9182
-112
7136
-7056
1478
-6091
-6365
-1360
-3260
-3062
-8205
5497
3944
-8812
1384
8332
-2624
-4753
2985
6378
7250
4321
-4529
4959
2411
-3317
-5049
4715
-9116
5319
6427
-9254
5976
5684
-3478
-5800
2962
-6919
-9625
8202
8751
-9264
-9521
-7005
3642
9147
-9992
3469
-2008
-7995
3217
-5388
5248
-4914
6563
3373
6051
1168
680
583
6399
-2437
1408
1044
8477
4928
-8920
-5490
-8503
3135
578
-4715
-2145
-6880
-227
9397
-279
-345
-2078
2814
-660
4299
8362
-2619
9868
4821
-3309
1330
7094
-1784
-1376
-9723
-561
-9650
-5907
3289
8849
7132
-2536
9708
8624
5431
-7197
7532
-8592
496
-6668
-4586
-2930
-2672
-1864
698
8445
-734
57
-5565
-4202
1859
-3859
448
-5070
7577
4367
-9391
-92
-2933
7259
6021
4578
2803
3376
1045
866
-2561
247
3285
7344
-9034
-6571
-5057
-312
-6832
4404
-8901
2468
9966
-2381
-3646
2195
-1056
6950
4411
-7850
-2322
-4907
1839
7658
-2524
-5481
-3786
-5703
2788
1501
-5411
-200
-989
-3677
4900
-8832
6717
2170
5940
370
-3192
-4579
-7396
-5067
9187
8777
5446
2850
3044
-3285
8407
9025
3604
-7884
5058
3287
-8694
2478
7933
-463
1182
-1699
2638
1380
8585
2961
-1053
-9283
-8619
-7433
-4371
-505
4813
3067
1579
-80
5285
4942
-3122
7143
-2457
-3110
9031
4187
-8442
3063
-5714
6329
6933
8929
9101
4915
6723
7971
-6849
8471
9359
-1743
-8115
3595
-9029
-6196
662
-7240
-7073
2072
-2541
-4369
4910
2193
-5532
7916
8087
3030
9729
4474
-6959
-5399
-8673
-9332
-8564
-7167
-2714
391
4521
5011
-7070
-7203
-281
8896
-8600
3005
9066
3860
-125
-7363
-3957
-6120
1466
6926
-2844
-8560
3719
-1479
204
8269
-4172
7259
7961
4962
-6952
-1980
-7721
2854
-2751
-5821
-7180
2097
5097
-6644
7750
6223
697
-9605
1416
-9496
2457
8870
162
-2914
-9117
-7062
4470
-514
9404
7545
-1587
-2935
-8860
-1045
-9310
7334
-5940
-5651
-525
9796
-6359
5068
-3809
840
2545
3584
492
9094
2478
358
-2244
2135
8452
9382
5072
-2659
-2532
7790
9433
-6532
-3338
9930
6867
-5545
5850
1114
-5949
-2339
-9168
4549
1953
-5800
-5410
2602
3117
-8776
-731
-7278
5091
7095
8276
16
803
-5476
3451
-7214
-3073
-5383
5382
4469
266
7918
-7832
-1944
-9785
-22
8994
-1355
-9647
-4499
-2473
-1493
4324
-4783
-622
-5784
-9559
-9341
-4293
-1796
-1206
-1436
7251
-5185
-9976
-3077
-3519
-4986
1479
1625
-3755
-6623
8324
-8533
5672
-7112
9800
-3823
6780
-8033
-8505
-7658
4227
4470
-4068
-426
6458
-2500
-9914
-7984
-8584
1216
-4370
6474
-7115
9542
-4985
-7216
-1799
-1123
6635
-9675
-8742
5984
3049
9194
7084
-551
-7635
9
-7323
211
9166
-6992
5852
9375
8273
9711
-7258
9056
7498
6233
4446
9274
-4654
8974
3260
7039
-7783
2190
5928
-1364
2068
-4405
387
9896
2371
-8443
-4511
8434
-9963
8122
-3683
-5658
4819
5059
-7715
4171
1244
-1563
2750
-5629
-4717
6801
-6756
2573
7857
1458
-9389
4413
-814
3782
7336
-5352
-3523
-4089
-4976
6768
7433
7267
9197
-9211
2458
-5326
-7671
-1570
-2077
3977
3158
4417
7130
1093
3124
9129
2715
-4714
7210
-7444
-2629
-2076
7417
6398
-8497
9219
-3956
-8471
-9013
3177
-2921
-276
-7182
1877
-8016
-282
1474
9782
5755
-1972
94
-7562
-531
-8488
-4275
3299
-2442
-2481
-9622
-2156
3798
-4549
2314
7325
1173
5913
7863
4443
7525
1136
-2506
4154
-4697
9343
-2070
7428
9971
751
1114
-9529
1254
-9097
-1684
1304
-6958
2685
-7846
-5759
5616
-6313
2957
6141
-7351
8116
2349
-6717
646
6590
-3340
-4197
-2731
2914
-8881
8358
6570
-5464
-3162
-503
1815
8471
-5148
-751
1434
-7433
1609
2550
1917
3247
-1439
-9434
-7322
-1394
3919
2583
-9201
461
2956
-7982
8503
-1989
1671
2662
-8836
-1369
3288
9144
-9796
4183
-5955
-5856
-3744
-8173
-11
-6847
-3529
-8302
1223
3615
-85
314
-625
6665
7290
-2919
8405
-2066
8554
-881
1852
6342
8532
9468
-5801
553
443
9205
-4180
6169
-5353
6735
2941
9921
-9454
-7009
7473
-6913
9424
-497
4799
9558
6527
8248
5493
-3734
-9142
1530
-9650
1627
-1976
-6513
7856
505
9208
-4478
-4155
-9753
5916
6636
-4558
-155
-6036
-366
213
6457
9275
-1491
-5681
-3428
1005
3717
902
8069
7979
4319
-7369
-2903
-5891
-5212
341
-6076
-7206
-7911
-344
8718
193
5465
3061
6091
2365
-1778
5804
-867
-2016
-9219
-9343
-1473
4006
2252
3132
-2513
8410
-7492
5388
8905
-6929
-5112
-6489
-7589
9361
266
-9484
-9086
4827
-9259
694
9494
2192
246
-8449
1934
-2168
3762
-9946
7009
7688
-9816
-4644
-1311
4998
-1753
4878
-9256
1164
9681
3291
-4713
7464
4796
9208
-6862
1364
8843
4084
443
-3765
9352
8985
1484
-5649
-588
-950
-7881
4564
8531
2888
-5776
7428
-2709
-8029
9804
5122
-1321
-6357
-762
4711
-9758
3833
-6116
-4498
-5287
695
-1417
-46
6288
-757
-6300
-1732
8204
-5573
-8486
-825
-9722
-7088
7850
-68
-166
9699
2933
-5569
9695
9695
8893
9744
9267
-8617
-5401
3197
6647
3639
-1106
-7792
4280
2269
6929
-1898
-6610
3787
4918
6596
-3175
4551
5316
8716
8565
-8531
7972
2957
9800
-7116
226
-559
2550
-7816
22
-6598
7258
2566
9280
1588
6766
5567
8807
-1982
4648
-8236
5653
5017
7761
-8451
1174
-9579
-3024
6719
-1830
-6228
2975
-4010
-5942
4927
9947
-7347
-2146
-1152
4665
1316
5566
9671
9746
-6848
7818
-9729
-8285
4989
6699
6966
813
-6256
586
-4743
7028
-6946
1609
5381
-3892
-750
5515
-1200
436
-8045
-6616
-7652
7322
2353
7906
9465
-6388
-389
4649
-1408
8536
3348
4117
7745
-621
-584
9968
7634
-9425
4390
2484
6465
-9823
2495
4724
-6914
2144
-7120
2995
-7198
8191
-3490
3397
4151
-569
9999
2428
4579
-3248
9208
-8396
9048
-2068
9293
6066
-7632
-1416
2138
3330
1346
-7215
-7905
8324
5451
9108
-4277
4087
9617
-7622
8568
-2696
4953
2027
5892
5056
-6446
2112
9193
4582
-2761
-179
2747
-1644
673
-257
-5729
-6777
8557
-717
2059
-852
-3253
3047
4334
2795
-6041
-1015
8977
-6807
-7563
-3058
-3148
9303
-5242
7306
2499
4588
-4813
-5261
-9051
-8996
3999
1381
-9094
5562
-4953
-4592
-3944
-4223
-2222
-978
9867
-4014
-9981
-9875
3709
1350
-1947
-867
7679
2510
-7209
2846
-2290
2200
7113
-9441
-6692
5987
-6064
34
964
-7026
2972
7074
-3263
624
-2966
8651
-3198
-769
-8098
2574
5543
6028
7861
-201
7149
-4829
9609
-7371
-3221
1176
1801
4624
8951
-4224
9893
6217
-3678
-1069
-5967
8857
8372
836
-2400
5817
-8842
9973
-382
9085
-4619
9084
6222
-376
6345
9232
4080
3423
2297
-4837
-3083
-3932
3645
-4940
-6951
-5896
-1775
1483
8819
-1647
8685
3880
6452
7414
7985
9779
6753
-5101
8234
-7644
-6468
1107
2600
-896
9453
4682
5324
-7874
9038
6379
2154
-175
6398
5733
-1286
-556
-8503
-4533
3556
8509
-4171
7812
7719
-5575
9741
-2973
-1837
-8644
-4458
6818
-5961
2817
-9098
1247
-462
-9306
9970
4551
-1350
-3178
-7801
3240
7268
8490
-1377
4163
-1319
-5673
9312
3250
474
1910
-9554
6802
-5490
7764
905
9452
717
7162
-2280
4162
9710
-7356
-4549
4873
-1656
-4234
4718
6432
2057
8739
-3820
77
-8173
-3099
6518
4380
2437
-6078
-5283
-9336
-967
2319
-9590
4958
-7245
-6715
-8552
-3007
-1538
3218
-9273
-9961
4094
1953
-7350
-6062
-2776
3043
-759
4278
-8290
-6864
3749
9561
3134
-2916
-1168
-5316
-6767
-8519
8894
-8789
3113
4128
4052
771
-6996
2797
-4581
6610
1047
-320
9487
-5309
-1211
7184
-4286
-5979
6152
-1589
-3381
-5975
-1169
9616
7228
-3013
3299
6989
3788
9364
4784
1929
3938
-9415
5370
6788
-1180
-3225
9122
-8330
9494
-8181
3213
7426
4465
6661
3335
-2756
-6090
9576
6759
8452
9127
6276
-3551
4334
5877
-2197
-3113
-3933
3518
2252
6529
-5907
-7970
4836
6404
6909
7418
3792
2484
1061
1773
-1222
-9365
-7465
-4888
7656
-9887
9483
-1973
6967
-9768
-4278
5550
4153
-9641
-1558
250
-3983
537
8295
-9574
2228
-1708
6852
-2163
-2076
-5291
-8240
-6995
6934
-3237
-7625
8174
-5594
300
-499
-3123
3663
6957
-5331
-3362
2078
-8927
-4702
-51
8409
-812
-2070
4764
-6604
-1653
-7734
-1267
-9772
-3580
-3339
7513
-6011
7243
-8352
-1410
5243
-7217
946
-6141
3443
2790
-8522
6650
5071
-4165
8517
6107
-9210
-9075
-1403
-9921
-5749
-6754
-6960
-5555
-8348
-7950
-9091
1053
3209
-2074
-6680
-8412
-2575
-2101
-8595
876
-1756
-9833
-9877
2872
4572
5496
5231
9581
6858
-7400
3576
2118
8878
7325
-9186
5271
-1750
481
-9110
9587
6418
-7966
-2557
4822
6275
3426
5663
-6923
-1922
-164
-1551
-7761
3840
-523
-3277
-1504
6682
-2192
8060
-7353
-1982
-6256
-9855
2960
-125
8867
5336
4077
2533
-1437
-8351
-255
-8693
2292
-8239
-3346
7939
-6244
5940
-6302
1428
8522
2445
-6992
209
2460
2953
-1028
-5661
1675
1734
4131
4221
-4470
-403
7282
-1663
-5368
-6732
-9250
-1269
9955
3562
294
-4192
3003
6996
7124
-6454
-5702
-1113
-4983
714
3298
-5100
-68
5101
7816
7913
2673
-4852
6678
3703
8657
-7665
555
6176
6692
-5565
4995
3671
4473
5610
-7689
9708
486
-9106
4230
-9301
1870
-8615
-2875
857
3723
465
198
-7356
4256
-4652
7604
-6483
-1751
1773
9115
8852
1192
847
1877
-27
3856
734
9416
-9336
736
-9160
4537
-8827
-1000
-4128
6022
-743
1640
-8975
-5933
-4343
-5875
-8667
1877
8661
1419
3137
-5432
1315
2481
-1777
-279
-8900
455
-6830
5436
9594
2442
-2860
16
-2807
845
6797
-344
3621
258
9491
3468
6121
1570
5652
2025
7807
-8077
2866
9389
6265
8742
6130
9140
7841
-2239
6157
9107
-8419
6075
-1388
3579
3022
-4711
-5402
-8711
1301
2171
1455
8907
-1271
-4567
3138
2363
-8283
7832
2996
-5610
-5896
-927
6746
3970
8146
445
-4476
8134
-3166
6635
-2568
-4233
8686
8592
-1126
1023
6484
954
-7890
8026
5630
791
2495
-1450
-6766
-7165
7956
8915
-9185
-5718
723
-3771
1794
8546
-6670
590
4600
-2881
9347
7739
7819
-8820
3475
7837
1180
7959
-4066
-1557
6977
-7628
6280
-3441
3842
5240
-8402
-6431
3756
-85
-2594
-7392
-9347
975
2574
8598
-8211
9637
4198
6170
4063
-471
4469
-911
-1841
4006
-2039
742
-4169
6247
6547
-1261
2153
5269
-7733
-2360
-2448
5334
7095
-5007
4647
-5824
-9811
-2260
-8230
3705
3289
-4687
-2732
5707
-249
-7626
-1422
-8078
-2050
3941
-3598
-996
-6105
9701
-8338
9216
-4090
-2193
-9839
-254
-6354
8619
-7281
-6777
-2906
3015
6430
3160
5058
5641
3622
-1855
-7323
3442
8539
-7594
3371
-6242
-808
9097
3670
-700
8417
8356
-5544
4016
-9363
-1990
-2
-9531
-5353
-5039
5658
-1195
-7944
5998
-8579
-1859
-1675
-90
-7704
6787
-4814
6261
-103
-7481
9831
-8540
-6483
7674
-341
7932
-908
1024
-8637
-2064
2125
-2049
385
-3092
2921
5888
-4049
3025
9494
-393
3605
5056
3898
-2830
5794
7237
1303
-8798
4609
9503
-5735
-2926
-6044
4209
1218
2196
-133
8722
-4186
5645
-318
4683
7587
4756
-4239
7345
-1091
5440
3212
-1144
2420
9774
-4309
-9033
8042
6259
3832
1671
-8936
149
5300
-7717
7191
5391
-133
873
-3729
1088
3656
-7521
7496
8494
-1902
-5658
-581
-319
3002
-1824
-925
-925
-2979
-1653
-761
-3600
1475
4487
2455
-2933
-4074
-9141
-4344
-5024
9023
8935
2308
6913
-4998
-2241
-7718
9308
-6334
-3794
-5205
-2909
2918
6845
-4502
7402
-2035
-8008
-5056
4373
624
2512
9723
4138
2171
-9820
-4116
-3272
-4801
2541
-9388
209
5491
-2472
-2337
7519
-1797
3682
-820
-7668
-2874
-5158
6839
-3838
1959
-9800
-3924
1549
-6602
9827
84
-1755
8634
8018
-635
-96
7803
7129
-2266
-8360
1550
4583
-2616
-7260
6607
-4909
9492
-2635
5577
-7382
-5175
-8731
7278
-4599
3199
-8588
-7167
2315
-7752
6488
-2735
-3783
3264
5852
-4919
6436
-1518
8895
-2756
-6016
2935
3469
-9985
-6574
3425
-5629
-9134
-642
4118
-6633
9940
3798
393
-5716
7115
8696
-3928
9780
-5969
8569
96
2298
-9901
-1458
-7304
6129
996
-5024
2416
3625
-5588
4785
-6635
-4564
-808
-9603
4627
-2834
-2777
-5002
7948
253
-7880
-9101
9484
6593
-5234
4653
501
-9465
3196
-7256
3925
-8539
-6316
-2935
-7146
-6700
9869
1858
2203
9406
-8389
3016
-2183
-4481
1532
-3409
1050
-6760
4480
-729
7703
8768
8743
74
6621
-914
-5258
-2374
1866
8352
3051
3815
5300
4957
-3101
-7325
-6220
-3967
6387
9548
4623
-1287
6133
3507
1253
1081
-1168
49
6271
-9366
1865
592
2034
7417
3481
8131
4818
-8552
-6023
6103
2275
-2968
9298
-9208
-1363
1786
-5712
4236
-2480
-4742
-2946
3410
1296
-117
-3726
6820
5171
-9052
2218
-230
-7259
6222
4892
-9925
-9489
-5873
-5886
454
506
-4094
6277
6862
4979
-9868
-1647
1147
-9583
-8727
-4546
-3302
8081
4000
-8338
7387
722
-6034
-905
-5387
-1175
-1305
-2949
3711
-2845
2913
5809
-2639
-673
3057
-9311
2025
9193
3728
2114
-5620
2762
-6183
-780
6574
-5326
-8886
1754
6178
-4810
2659
2990
-4834
3797
1884
-35
3905
6374
-4515
-7059
773
2917
-8391
8102
-1719
-1557
3565
-233
-9166
-4384
-3678
5638
-4658
-4067
-87
-7072
7870
3167
8821
-4600
-3430
-3998
6753
9876
5535
8901
-3759
2603
-9761
6331
-689
2814
262
-3023
-4296
7107
-4938
-4011
8365
6498
353
-7886
3881
6775
4497
-3959
-6927
7092
5408
-5270
9792
-8117
717
-1594
-4877
-6355
-8942
-6562
-7097
5071
7685
-2595
2437
2479
-2796
-6543
-7337
1437
-7809
7485
3129
-72
2108
-7255
-6786
-1124
6007
5330
5482
-7541
-7939
7040
-2955
7230
-1347
2858
-389
4797
-4559
6192
-7475
-1149
-8362
-8247
9473
-3531
4698
-2236
2291
3054
-8562
4780
6338
-1982
3925
4729
9298
-334
-714
-3727
9673
6702
7130
-7837
9859
-1056
2547
-9368
9535
6136
9926
-8472
-9241
1657
-9006
5722
-9660
8389
9095
7572
-7236
173
367
-3642
2146
-7608
3383
-5063
-2036
8532
-7114
-8912
-6305
-8008
1581
2102
7935
-9812
-1922
8563
-4877
-6714
9433
3987
7832
7658
3073
5660
2154
967
-3644
8265
3090
1798
-1344
1985
2490
8630
7452
6480
6469
-8372
-141
9733
-8459
-7975
7480
-1863
9517
-3760
4671
-1466
-6476
-1880
4474
-6627
6076
3707
4966
308
4391
8689
8274
-5044
9925
8909
1731
-7158
-7879
-9645
6407
1182
6820
-5889
8960
-7346
-5967
-5772
3712
-4820
7256
4252
-8424
-7412
-8605
1522
7480
8802
-3767
373
-9179
-452
3265
4451
-8541
-9237
-6643
7220
9924
7604
3160
-5521
-8396
3536
9601
-7530
-225
3425
-433
2505
-9629
-3652
-2225
-389
2634
-2404
7995
7652
7218
-6021
-2208
6209
-2305
-2775
-8588
7003
-9698
-4329
-7098
-3726
6634
-8887
-3187
8625
-4954
-7039
-6538
-66
7557
-713
-1721
150
4424
-7260
-8568
5649
-3533
-6301
-1263
1535
672
343
-3857
713
4125
-9281
4862
-6640
1432
258
-364
-9673
-7796
-9423
8337
-6471
6509
-3829
6180
-9639
-1120
-6090
-6498
-7257
64
1551
-967
3735
-5241
-6435
-9602
9381
1057
9797
2610
4549
8261
-8244
-5769
-1817
-2801
-4728
3059
-9456
5820
-6724
3621
-1497
980
8765
8682
4535
-5893
-2995
-5905
10000
-4446
2987
-261
7230
5454
-5897
-7407
-351
-8595
5972
-3177
9260
-4616
5921
727
8578
4451
-4570
-3753
470
-8120
1314
3534
8026
-1181
3967
3535
8905
1280
-4024
1776
-2863
-5737
8929
6541
-1801
-5632
-4238
-7695
9973
-5948
-9033
685
9765
-2982
2275
-7219
376
-3222
-8901
-2602
-7468
139
-4174
-1989
-6477
6263
3549
9200
8463
-7993
4614
396
3001
-2216
-2818
4318
-285
6224
-1866
-1065
-4535
-8919
8712
-4927
-7699
-9446
4094
4646
9374
3983
-9711
1159
-6698
-5023
-8497
-2049
-1461
-773
-1710
-7422
-4367
-7022
-6930
-3160
1652
-5567
6575
-781
5861
1243
8783
-1170
-7073
-2152
5375
-1811
-9868
4289
-5834
8359
6211
4493
6242
-5324
-2007
-4757
-1515
-5170
8585
865
4176
4655
-2686
5447
-5598
6170
4310
6646
-9026
-336
-1268
-4441
-5227
-3420
9751
-1335
2
-4730
7726
9561
66
5844
-5518
1854
-8292
1145
3432
-8369
-1990
4690
-4439
-8355
-5000
-5970
6797
-928
8582
-7911
2847
7063
-314
-6608
2086
9525
3164
-1683
1267
-7369
-3412
-2419
-9057
6425
9561
6200
-4097
-4712
-3625
1872
5831
8255
6458
-2086
-5446
5689
8234
6941
-5825
-161
-219
8735
-2590
3797
8696
-5303
-8168
-3262
8676
2939
4590
9983
-5975
-1982
8973
3398
-6050
1819
2199
-4364
-5796
-444
-1790
8275
9112
9098
2683
8838
-1618
5355
-2884
2472
-6945
7884
-1730
915
-1037
5773
-7495
4508
-3256
-2465
-1213
-7227
-4125
-8020
704
-427
8069
1040
5151
9129
5111
-703
2064
-714
-3490
8021
-2189
-8338
-9413
-1593
-308
-4633
7331
-2620
9327
-7934
1427
-5814
4584
-8645
4334
2699
824
-7679
-3771
3157
-146
-6413
-8323
4155
9274
7483
-3999
-8564
-6233
1870
-6125
-4955
2043
-8146
4628
-5041
-5228
4616
-3210
5703
-5969
9329
8737
-1336
-4416
9665
-6851
3639
279
8379
-2884
-7682
-8446
4440
9806
1958
1348
5011
-2918
6586
1272
9830
1510
1453
8093
-3984
-467
-8593
8082
5441
1814
2886
-9031
3121
7917
1756
736
7449
-8998
3448
-7377
7650
1549
-4446
9026
8759
1714
-170
7694
8292
-7480
-4556
648
-6174
-1701
-5240
504
546
-9431
-3166
5908
-8054
-3135
-1431
-7057
-1461
3972
-792
-4084
5594
-7843
8753
-2546
7994
8448
9789
9904
-3810
3071
8900
-8179
-5011
399
-8685
-6475
-129
135
-3604
-8443
3968
-5321
-4060
-9074
-8038
-3872
-5279
-7917
55
-8589
2758
3889
5519
-4551
-5224
-7161
-9379
3613
5747
7026
3409
5693
4829
-9569
-5687
2791
224
-4980
-3974
-3378
-8541
-5417
4320
-782
5387
-8718
6308
7630
-1482
-1480
-9723
-5196
5205
-3067
6364
5344
6913
1074
-8469
8490
4884
-4633
-4538
-577
5627
9842
-5968
-7209
7674
-319
8473
-8060
-407
4985
8113
9621
4958
2588
5666
9862
-687
-6148
-1158
-9609
4791
5356
1599
8722
-5342
-7968
7155
-9719
3339
3726
-7778
9215
2292
9253
9268
-8945
-6204
-1176
-4322
7973
-4280
-3672
6506
-4032
-7995
-6465
-2873
422
5104
-9726
2346
1643
-5113
-1247
3943
6605
4658
-9429
6243
1714
8799
3451
3442
5845
-4143
5122
9478
-4454
6118
-3691
-5838
5851
-9281
903
1310
960
-9174
4744
-7265
5380
2322
-4303
551
3642
-54
3367
8923
-156
7263
8899
7959
6851
9386
3428
1032
-3295
-2542
-4731
-2
4562
-8667
4855
5953
-6553
3296
7852
9644
-6762
-9455
4014
7915
5320
-304
4944
4899
-8809
-2811
-5719
2918
2404
-1632
668
5172
5147
-771
-9638
7233
9115
1651
-6046
4572
-6594
9643
-6596
3253
-4436
333
6297
-2924
6687
-990
-1372
9440
6459
7425
9499
-387
-9203
-6003
-8204
-1110
8003
-6473
3916
-9237
-5161
-1704
-2187
7740
396
-4845
79
6734
-9673
-7139
4033
-7362
6265
4523
5033
-2511
-46
7456
7217
3246
1050
2292
9606
-9046
6865
4483
1440
-4682
-8136
-8132
9735
9661
-6563
4988
3939
6750
4086
7121
7490
-8757
4234
7016
9769
3808
-5664
9456
6037
1133
-3429
2832
3518
6272
-8462
6871
-7442
1561
6009
8175
5680
1394
-9429
6206
-9441
5979
-6894
-7417
4095
-3336
2107
3378
1330
6943
-2528
-2918
-1867
-470
-1837
5414
4681
-2086
9875
-7691
211
3499
2473
3111
-6162
1538
1919
6912
1395
-7343
6559
8302
4431
8063
4507
7183
1062
-1212
-7239
-8882
3828
2667
5076
8032
-7207
-8855
4207
-4670
316
834
-5996
9099
8253
8714
-6362
6013
7201
8911
5594
6417
3520
6314
-747
5027
-2875
6816
9393
-9059
6122
1583
7926
6509
8200
-8841
8765
5290
-3814
-3266
4906
1949
5694
9625
9597
-2013
7792
2497
2590
653
2480
-3077
1546
8951
-3501
3700
210
8780
-5679
6135
3063
-6472
2598
-8345
2407
9080
-8743
1454
-5943
-3195
7203
4217
3596
-2833
-9163
5591
9412
4105
3617
361
-5523
6091
5778
837
-5190
-2187
-9029
-3258
2435
4150
-7714
1768
4841
-9914
-1485
-5469
3579
-2071
-7374
-4129
-8297
-9860
3431
6042
3740
-58
-5100
4571
-8410
6622
-7088
8030
-2008
-2927
5521
8482
-7656
6750
448
-8880
-3403
-9136
6761
9128
-1667
7959
-2914
1139
9300
1481
-8483
7977
-3575
9560
7076
8642
6188
-371
9590
4151
888
9587
1731
7796
7783
-5444
7909
-8343
-1718
8527
3111
9321
-1443
127
3450
8351
-1817
7451
716
-2958
4842
-9979
-1548
-2110
-4308
-1218
7025
-8587
5519
1165
1646
-6033
-988
-9637
9225
-5878
-8607
-6549
-6402
-7559
2522
3553
-1537
-8538
8189
-4718
-7984
-2497
5683
-5970
-1810
-8100
-7224
-1986
-3710
-6026
7164
1683
-6457
-4995
7719
-9289
-439
-6677
-9093
-5578
-4460
7761
-6977
6868
6195
-9773
1786
8263
-596
-1871
2741
7109
-5529
-6427
-8958
-7809
-3220
-2571
934
-2459
6438
7552
2322
5964
-2768
-704
7599
5378
247
-6475
-8014
-3614
9177
3757
-5294
-4083
-8741
-666
-2591
-7479
-48
-8605
-3970
9482
-1062
3645
4026
-314
4841
-9974
-4093
1054
-5091
-1910
5288
9072
4431
-6776
7536
-5899
-2363
-925
9908
9504
-2027
-8550
5891
9256
6778
-9876
2300
-7958
-5488
2852
-4456
-1322
-7222
8938
-9007
6483
7370
3058
-8202
916
-6297
1857
-5576
-8161
-2330
-8191
-4377
5735
-2323
-4250
-7811
-3110
4317
-4319
-7451
4346
9958
-6049
4148
-2714
-6517
5504
4401
3568
-8372
6486
7664
9707
3954
6145
4527
9297
2069
414
-5094
5375
5187
-5006
3530
-9379
-5608
-3980
2141
4606
-402
-1779
-8856
-6103
-5284
-8884
896
3593
2976
1392
-7248
7213
-8619
-6061
4177
-496
-4266
-5322
-2785
5601
1345
5667
-2180
-9822
-3260
-3461
5234
-2801
5174
-4932
-3609
1772
-4219
-8117
-2592
-7028
9724
-2891
-8790
-5400
606
-9290
619
1156
8887
-4624
629
-7109
-9539
-5201
9243
-541
3339
-312
2616
9526
-7650
5879
-7397
1220
6064
4413
-8766
-2352
4797
-5464
2524
-7810
4566
2239
-2934
-5551
-9500
-2523
2207
5557
1153
6701
-9842
6432
1407
-8117
-8502
-6549
4294
-2563
-1229
4371
5753
5800
-400
-6279
-4408
9634
9055
7912
-7164
5700
2672
-9318
1299
-7055
7866
-3965
-7693
-721
7992
-7778
-759
-2499
-2850
8544
-1315
-438
-1935
1683
-3844
-7011
4658
-4736
1849
-3263
9517
9000
6941
-5531
2206
252
-5941
548
5071
-1010
-6269
-5007
-1403
-4188
-7085
-994
1885
396
-7658
-4683
-7278
-4166
-4461
-9272
6124
-9240
6587
-9457
3674
-1954
4530
-8289
8194
9673
-5477
2946
3076
-6615
2277
-5623
-5816
7652
7643
-907
4463
-3874
-9000
1749
284
3585
-2433
-4564
-7836
-1545
2235
-3525
-9688
5717
1324
1025
-3771
-720
8718
-7313
-6628
254
-8391
7605
-6297
-9981
-6651
-5174
1477
3457
-3882
-5772
4568
1208
-5152
-7349
4109
-6890
9864
-4480
7213
-7468
-8143
119
-3316
-4766
-2863
4946
-1895
1569
-2942
165
9197
1246
-5439
-8259
-8989
7459
-9374
8199
6850
-3030
8642
-5044
-2479
3137
8863
-1792
-6129
6929
5508
273
-1722
5520
-3298
17
500
-9470
-6171
-5118
2510
-5815
5667
-8269
7168
-3840
6650
-7563
9820
8039
-7202
9786
-9555
6922
4210
-408
-3876
1217
-186
-4493
2462
-4175
-8671
8891
-9487
220
-8095
2885
5073
270
-7667
8710
-4970
7499
-6437
-2748
1730
-6361
8273
1385
-3908
5623
822
-7318
-1340
-4892
3484
-3692
8457
-3428
-1768
7503
-8435
5671
2182
-6709
470
127
-8601
-9094
2491
3298
-1552
7275
2746
5614
-3988
-3233
6954
-7125
-130
5819
8973
-9599
9328
-8036
6657
2470
9184
6321
-7744
-5344
1382
1670
8859
-239
-7165
6190
5239
-3126
-7913
-8622
9705
-7240
-522
-8192
4761
7466
1932
6373
-5007
-3952
1763
7489
459
-6285
-6351
3246
5331
4890
7530
4841
2290
-1740
2201
-5406
-2762
6006
-7940
-6690
3658
7312
-32
8414
-8317
6155
6297
-8374
1458
5801
-6311
-8036
-8873
-3608
-810
-2409
1112
-9703
2031
2263
-8691
-4032
-6757
7957
5285
-9927
-5881
1080
-74
-8682
3022
7065
4054
-7108
4492
-7143
3636
2652
-989
-4751
9934
5847
-1296
-3545
3091
9160
-2034
5925
219
7475
-3575
2649
3481
-1458
4855
8633
3856
-5233
224
3719
9033
7422
9632
-7033
1807
7274
5384
-4172
1944
3785
9414
-3628
1748
-633
2674
-4935
2275
-9006
-5029
-5679
-2007
576
-7748
7408
2815
-5719
5488
-8453
-6391
-9064
-2074
-4599
-1378
5766
4591
8065
-2807
3363
115
-4918
-9410
2236
-356
6627
-3217
-6563
516
-4755
-553
9641
6793
-2438
1938
-3046
7228
6827
2734
3037
5923
8928
-8261
5989
9187
-3497
3919
2355
-2720
-9960
848
6756
3361
-8817
743
7825
9872
2812
-8554
-3856
-8776
-3056
2839
6763
2777
7319
-5766
548
5063
-6449
-3322
5974
6925
-3145
-7096
-5135
-4920
7836
3626
-5451
-6923
3043
77
-6727
6092
5793
9075
5944
-2315
3556
4003
2503
-2128
-3907
-3207
9313
-4313
9636
2097
2391
6651
6695
-5511
-5565
-3084
-8559
252
3971
-3568
1259
-9321
-4206
4982
5640
-3577
1704
5224
-6689
2860
6381
848
-8778
7380
-614
-107
-5456
7704
-3690
6574
7606
7621
-5489
-9742
-6410
-5314
-4006
1131
-4138
-6993
-3865
-9770
396
9090
-3525
-1097
-2547
7360
-5561
-1339
-6856
3496
-3683
2544
-6455
-1789
2492
7970
-3076
6372
7259
7487
2456
5260
-1206
2859
-3411
4626
2512
-2547
-7421
7063
3232
4124
-3428
-4615
3652
8272
9138
1202
2448
-5040
770
-7744
-8381
8143
-2349
450
-8980
8156
7299
792
7379
2820
2531
-9515
-2893
-8251
25
7170
-8976
-634
4958
-5031
-9417
-9101
-8399
-593
9586
-7622
-7829
-4542
6994
-9418
-5017
5447
-417
-914
7870
5288
-1295
-2885
3790
2452
-1616
-4007
-3690
432
372
6008
-4591
-9461
-7221
-8771
518
-6882
758
8445
-4913
-6652
4931
5881
2772
9054
1229
8686
-5852
-4860
2627
-9454
-8431
2366
-7081
-5816
-3639
4319
-1280
6520
-2524
-3068
8402
-8996
-6255
-1419
-4515
-4235
3054
6974
-6674
-2783
-8019
-1797
8490
-172
4234
4277
-6872
-2906
2715
-9397
5727
-2234
-2053
-6175
3240
4112
4681
-5500
-3965
1834
8115
8013
-9498
2261
4914
-3374
-8719
2741
1543
-2270
6672
8123
-6968
-8847
-9688
-2887
253
5229
-3269
-11
-5132
2738
7128
-3481
1309
-2266
-1940
-1948
-1559
-6608
-5055
-1479
-3159
3812
-3874
1285
7172
8509
8009
-7709
-9997
-9073
9028
-4318
6633
-192
-4766
-3337
-6066
-4745
-235
-5601
-9601
3845
7424
9814
3845
-7040
3340
-1498
9468
-1260
-8767
-2992
-1397
6301
-1574
2909
3141
3255
7556
9512
-1400
9037
-6103
-1946
6582
3342
-2907
492
4769
-6619
1565
9290
-6183
-6677
-2534
-1365
-1224
-1059
9633
9287
-5708
-693
-2531
-9871
-9658
-4414
7081
-8330
-2259
-5405
8954
-1102
1591
4680
-3394
-8727
2388
3436
-4240
616
8994
-1411
3553
-1157
-6564
8010
-7849
8300
-3910
-6769
-7485
-6003
971
-1570
-8585
2839
-4794
7483
608
9931
8794
6184
-2579
-2463
7015
5803
8899
-2653
-2390
-7763
3044
7376
-4042
2911
-5517
-4589
4070
2833
1632
-223
6634
5140
-3405
4328
-1892
4388
9651
8796
4646
9860
893
-2945
6234
-9676
-8415
6944
-6393
5348
-4015
-9803
6328
-3800
-9151
-7563
-9427
-4292
9618
9497
-9755
-946
-2518
1072
431
-8510
3322
-3128
7701
-4085
-7654
2612
-8950
7376
-7603
6003
9101
395
414
-5854
-4679
-6018
-8091
-3209
1501
8625
-9296
5464
7811
4019
2267
2146
-6660
6243
4362
2145
-4688
380
6890
-8053
9243
4275
-8762
5128
-2324
9259
-4068
3953
5207
252
-8178
-9243
8128
5577
6361
-6531
-8075
-883
-3625
-3575
-4830
-5626
-6939
-6888
8174
3441
-5610
-2872
-9066
8677
-1341
-2682
-7002
9465
5675
-8958
8895
-2804
1781
8719
-2156
-7042
-2390
-6296
-8156
-628
4390
9876
3355
-4292
-974
-5184
3208
-4233
1282
3390
3048
-6619
8485
-9610
-999
4323
-3782
-7152
9761
480
9170
-3491
-9573
-4364
-7434
4897
1507
-5790
-564
506
-7679
4865
-9468
8177
771
9152
9827
-9056
1824
7367
2106
-1915
1873
9539
-7555
-1634
-6003
-6235
4217
-1974
-2867
2768
-9814
2427
-4226
286
-5440
-2541
-8832
-7367
7978
2304
-8328
-7073
786
8328
-5935
2664
7379
-988
-3722
-4472
-4110
-7289
-9543
8459
-8653
-2668
-6515
3552
5078
-468
-6869
-5710
-1499
-3298
-4875
99
-3145
7841
8442
229
3586
-9691
-2815
1496
-3033
-3993
-7363
1439
2096
4834
-5961
3393
2237
-2240
-8922
973
-5133
8506
6410
-7415
7457
-6519
-9559
-3899
9357
3098
-7112
1614
6521
-4368
-5043
7863
-3230
6189
-2674
491
3526
165
-2386
-4594
-242
-2049
-9339
5782
-4356
-6649
4293
-210
-983
365
-4809
2123
5507
-1293
-1807
2739
446
-6453
1896
7965
3112
-8620
-4944
-2995
-6314
4211
8687
-2024
8956
4155
-8917
8704
8226
-8155
8714
4586
-803
-7466
-6811
-1344
-4367
6604
6465
-1298
8629
-1151
5378
-4032
6460
-1106
3377
5408
-9027
-4566
4312
-6565
8687
9683
3807
6454
-6840
-5782
-6285
-2358
3184
2557
6751
3670
1813
7716
2223
-5193
-1551
-1802
-2384
7241
-7704
-6977
8921
2657
-8674
4555
3835
-3119
-1872
-3711
3254
177
-9180
5442
-6585
9506
-1191
-6377
-7438
-960
-5322
8043
5871
-8683
7578
-5861
7422
-3901
-9141
5969
-8137
1147
9088
6004
-704
7158
943
-2687
9137
-5709
-422
8311
-340
3665
418
-2620
5416
-5427
-4565
-6024
88
-1026
-1435
2585
-1596
-5404
-9766
6289
-5469
-7081
817
-1042
6901
-2964
513
-5947
-5127
-8032
7897
29
1822
-7755
-582
-5048
-4897
-1772
-6332
-4247
3907
-454
5756
-3023
-4432
6278
1082
1808
2142
-8111
-281
-1241
471
5595
9589
2218
5087
-9573
2367
-6919
-4342
9568
3869
-6690
404
8679
-9629
6680
3977
-1099
-5439
-4188
9697
6981
8206
-4923
2542
-2009
6621
5704
-8746
3610
4129
-2235
-6401
-3082
8315
6942
-5372
-9786
2033
-5599
2605
-1442
-6888
6983
-3239
-665
1311
5473
-6331
-6425
-4621
9063
695
-4941
2675
6495
-6773
4625
5859
5008
-3254
2898
4107
-1346
3918
4864
-7411
-9922
4657
9360
8223
8277
-2275
-4269
5275
1435
-6812
5250
-1223
-2264
-2722
9752
-787
456
-1135
7503
1340
1396
-7523
-8120
4716
-5067
1215
-7784
-4376
-9717
7965
7720
-3031
7803
-3486
4989
4308
2906
2968
-6010
3900
-7141
-3705
5585
2082
4926
-4126
8578
4506
-3335
5213
2042
-3419
-7876
5972
1963
7918
-9173
-4262
-4586
-6786
-5252
5553
9030
-7939
-2908
1525
-4210
3193
7732
-8508
3889
1850
5319
-7609
4974
9671
5136
2734
8215
-2881
-9933
-9046
-6540
-5510
-9488
1577
2084
-8319
-2281
-1042
3037
8823
-9776
-1169
-5415
5880
7981
7298
-7744
-7370
9963
-9303
770
-6871
-4884
1543
3175
4865
-1098
2256
-7452
7822
9975
8509
154
-2706
-325
5411
-4188
-7391
-544
-9144
-7035
-9470
-6576
1487
5238
5329
-1553
9222
878
8419
-9151
3119
-5125
9865
-7455
895
5879
-8845
-6517
994
534
-2398
5328
-7714
5255
-3941
-1666
2843
506
-2076
-1000
-7547
8563
6487
-2195
-7290
-6159
3244
9649
7241
5660
9607
-1072
7508
-389
7420
5420
4109
9125
-3237
7272
-507
8833
4960
3987
-3466
-6405
-1895
8304
-2785
3595
9861
7925
-1545
984
5955
-7039
-6569
-8942
6261
-7630
-3204
4019
-3433
3676
-4661
3392
237
-8435
-1766
-299
8763
-9946
4197
-1217
-2718
-2839
4303
3582
742
3892
9976
-1817
4080
1012
-3751
-2389
675
-212
-1034
4921
3204
-9693
-7818
-9340
-3240
9716
6730
-6684
-3703
-5573
-3504
-7274
-1759
7806
-3746
-4947
6191
9359
-9040
-3054
-9519
9760
-7931
6434
9034
6970
-173
8721
9432
-6632
6970
-3761
7744
6751
5191
1042
5146
-6779
5950
5934
5254
-4109
1403
-5094
6814
840
6033
-4727
3786
-5419
7545
-7830
-9099
-8648
7855
1151
-5563
9748
7475
5542
-3131
8420
-7435
8179
-2097
-278
-7899
-2370
-9969
1926
7336
-550
1364
-2627
6892
9640
-1485
-1765
7091
-9431
-148
3262
-400
6667
-4936
4817
-905
6702
-5151
-8733
1800
1914
-2148
5719
-6913
-9617
-1997
-9612
1304
1173
7185
-1608
9905
-2444
-5159
8899
5077
-4794
-9779
-8727
4401
1853
-2209
-9831
-3654
-1728
7676
9970
2063
-8582
-2083
2082
1204
-4944
32
5472
7143
3653
9362
2951
-2139
9289
-2349
-3992
1558
-3064
2286
3962
8389
5520
-6803
7859
-7495
8530
1007
-9370
-1756
3453
3636
6958
-267
-6679
5848
-966
1803
701
-423
-1258
-7215
-7208
-1690
-5526
3611
7247
2424
-9000
5642
-1124
-5522
5079
1089
2257
-3127
8758
-5534
6344
1018
-846
3352
3408
4695
-5097
-4957
-4355
-4252
-9363
6227
2535
4016
5099
1801
5685
-3388
-107
5411
584
3724
-2204
-2450
1896
6777
-5395
4434
-4274
-9940
-3384
-8831
-4691
3644
-9637
8521
-1443
9294
642
8823
172
-2906
143
9861
402
7249
4657
-3734
9419
311
7517
1398
4629
-6889
-535
-8754
-5622
-516
3889
-5067
-7302
-9616
7131
-439
3566
-5375
7293
1990
-4220
-1723
-1309
-5340
3110
-9037
8752
-46
-1895
3030
9836
5728
-3744
-3238
3566
4999
787
9296
661
-1936
7940
-1712
-362
7718
-3634
-9262
1085
1679
6320
5977
4695
4378
9704
200
-8362
1138
4684
-4400
5528
3521
-4611
6942
2567
-4464
-5753
-5992
-6900
1169
761
1928
4186
-2381
3408
-239
-1230
6496
4792
364
-889
-5428
-4859
-1093
-9140
-792
5570
4544
3415
-4593
-5813
6084
6707
892
3895
-9413
-5106
3068
-1708
3495
1346
7903
8637
4864
-3676
5458
7239
-6703
7585
9641
9560
3400
-1822
4253
-3866
-360
-5086
9974
9044
-4860
3375
3570
-1796
-9618
-2492
4664
-1986
-8698
-3943
-7899
-4124
7145
-3326
1257
8590
-9024
8647
-32
-4418
-4034
-2122
538
-7068
-6501
-9712
8260
8347
1879
6984
2490
-5344
6034
-845
31
3570
-4274
-2214
4617
4732
-5312
7181
2979
3648
8799
9040
375
-8889
-1141
-4589
7580
6835
-7507
-6695
-1623
-6755
-1953
1303
-6898
1857
8534
4219
-328
185
-7285
9518
8184
-5002
-3287
8105
-1341
693
4159
-7193
5679
812
6142
8108
-9249
7029
-5528
-1877
-6466
9700
9378
-7123
-5069
-7820
862
1466
-167
-5052
1327
9730
-5741
9096
9534
-911
9011
-6767
-7683
5688
-9949
2630
-1895
1495
-438
1323
2179
-3478
-2527
4465
7165
8914
-2228
-4866
5588
-186
-7231
-2380
3483
-158
-8813
-7852
-4843
-4626
4641
8374
7375
4778
-8385
5253
7036
9526
-3456
6234
1792
5267
-8006
-9913
5206
9146
-4200
-9927
-9440
2110
-1798
4236
-4419
4282
8539
-6377
2094
-3557
8544
9756
-8957
7189
-8799
-1939
-8463
2180
-6429
6782
-6937
3460
-5226
-804
9523
-3531
958
-9623
2900
-3704
-9863
-7372
4720
-1260
8411
-6635
-6741
2133
9305
-1350
5017
6410
711
9332
-8204
-5885
-8850
-2558
7566
485
-7590
-4061
-9112
5265
-490
-9223
4342
8573
-6410
2322
-5869
-8910
8868
5982
-3368
1465
-208
-8566
3089
-7857
9648
7288
443
8275
-4273
5326
2054
224
-9301
-7167
-7792
-4578
4408
1622
8993
388
9380
5244
-9583
-5280
9073
-1095
-7475
-1423
-7170
2523
-5445
237
4943
-2849
-3780
-8926
6420
-5115
3169
-7799
-8604
9535
-2194
3521
3570
7116
8461
8769
-8479
-2891
-9891
-606
-4252
-8620
-1839
5963
-670
-5554
2297
-8201
-9191
4304
9457
-5860
58
-9046
-2444
-3525
1733
-494
-7597
-1513
7823
-5107
-4363
4313
-2882
-7677
6631
8465
-4839
-9619
-1395
565
-4868
8809
-6420
4985
-7871
-6617
-6841
-5279
9071
-6581
-7391
-8471
-822
-1294
2896
-6145
-9645
9699
-720
9330
3655
-8922
-457
-1085
-6922
-1243
5166
2871
-4385
-5697
3006
-4255
-4686
-6938
-7238
4475
9420
-8594
8860
-7386
7657
9349
-8225
-6194
-2494
3309
-1271
-2894
-193
-5361
515
-2611
-1324
4751
2737
6357
3920
8816
-2136
-7783
5244
4700
4289
-8370
-4429
-6941
4610
7231
-7892
8597
2213
-560
1400
4342
-9257
-7382
3058
-575
-1214
-1707
9734
5071
-6190
-4062
-952
2116
7129
-4856
-8979
-8154
7667
6182
-6905
-6932
5070
3001
9786
-6243
7362
6539
-6477
-7104
-7819
783
-8748
9316
-8090
-5795
-5812
7311
3846
-84
209
-9749
-1488
-106
-3596
-7195
-1830
-6559
8829
-7369
7004
-8196
-8242
6904
1698
-7203
-6072
862
2620
2538
725
361
5674
3545
2862
-4754
5907
-7986
5015
1528
-8291
-9167
2674
-1113
6697
5574
-8567
-3901
-8909
7385
-4551
1591
8027
-6862
-2033
2660
3769
-2375
2286
-2856
-8766
-891
5929
-5701
-5198
1770
4631
-4050
4315
8201
-7193
8703
3827
-7096
4004
186
-5049
1422
2428
-5325
-3123
2919
5254
-8743
8215
-5408
3767
-6138
2115
9092
-7162
1543
9159
8757
8597
-8376
6495
-5926
1402
2247
-3577
-6772
2949
8255
3147
-2325
2348
9265
6973
775
6701
8651
-8259
-1566
-6936
-1866
1000
8500
6961
8435
-3340
4741
-8759
5350
4751
6747
-5160
-415
5359
-3675
-9512
-2154
-4367
9744
-6255
-4871
5905
9111
6177
-7544
8989
8962
-371
-7525
8045
7296
1439
5709
-1359
-3370
-5378
-9039
8486
8160
-794
4612
-5686
-8178
-1116
9875
-7886
-1055
6442
1567
3015
6904
2052
7145
9130
8307
7078
10000
4095
-9817
-5257
-9798
-5226
720
9541
-6346
-883
6523
2360
5462
4443
-1467
-9796
6782
-1861
-133
-705
-6072
3908
-8841
4965
7284
6635
-9760
8164
-3092
9989
8301
-4243
7584
7338
-7142
7690
-5220
614
7640
-9405
-376
-6502
-1628
-9701
-8780
1683
1253
-607
-1028
-1755
-1146
-1982
9119
-9174
-6113
180
-7114
1891
3932
-8412
-6423
9969
-9261
-5064
-5389
-2583
-8385
-9186
-9309
-8153
5290
-6256
-7222
1963
-1401
-3017
-5182
5621
6927
2441
-888
9289
7414
-5824
8994
5597
437
-6281
6682
-4284
7162
-9230
5420
7835
-3075
6139
-4767
-1251
4534
-7035
-229
-985
-2066
-9691
-6205
2597
4070
-7310
-6631
2584
-8723
1060
1158
-9735
1710
-578
-1387
-6946
9570
-3874
-5089
1560
5189
1890
320
-1893
2921
3051
-6442
-6266
9010
-578
5991
1806
4996
7228
6204
-4972
2582
5809
-5387
9221
-2426
-4885
5899
-3522
4217
-4485
5602
1026
-5882
1845
4229
-7181
2710
-8677
-6353
1119
-2590
-6412
3367
-8163
321
-9194
8738
8101
3237
5081
-1683
-4792
-9236
2116
9783
9543
-7162
306
1069
-8960
2601
-8423
672
7503
-6163
6150
-369
9020
5614
-5477
-3235
995
3808
4427
1782
-7057
2296
3558
-9708
6969
-9583
1898
-3160
8825
8221
202
7835
8398
5988
-4718
9635
-9801
-359
-9721
-5959
4153
7305
8622
-8039
618
1026
6574
-6002
6044
9932
2607
-5824
-3080
6527
-5823
-2408
7484
8857
-4800
1493
-2500
-777
-5412
4140
2435
3590
-6709
8199
6598
3170
4061
9470
-4235
9289
-3212
-5259
2333
-7347
-8690
9060
6731
-5268
-8691
9451
-7360
-4115
-127
4046
-7944
8193
-5101
-810
-8782
-1772
7950
-2375
933
6593
7399
2348
-6004
105
-7406
-9046
-7116
-1190
8933
-3760
-187
8744
4385
-3605
2529
7403
8233
6221
-7612
-1577
4648
9122
9324
8337
6184
2023
-5536
7308
7428
5054
-6815
-1304
3201
-721
327
3586
-2261
8777
493
6439
7117
-1850
-2329
-8349
1512
5086
-3126
2390
-7645
-6967
-6325
-3134
5767
-6391
-7323
-5558
-4326
-9085
-1537
9473
3330
8856
-5821
1800
5674
7671
-490
-5944
-3017
-147
7656
3153
-2946
5105
3598
1471
-6038
6594
-2724
3249
7416
-88
2987
76
262
9142
5520
-2507
-5411
2124
5631
-2460
-3109
-2336
834
-4456
-7523
8667
-6288
-8685
7835
9677
4057
1212
7411
9201
9338
-2047
-5119
6647
6188
817
6029
-5074
-9148
-2743
-5066
-5223
-4695
3184
-1758
-840
-828
-3423
-434
-8291
7729
-8674
5104
566
3139
-4695
280
4206
-978
506
1526
-7558
-980
7795
243
-4348
-3368
-6716
6054
-9520
-7944
3689
4732
-959
-8423
620
2814
9262
9483
-4325
-7077
-7579
7119
-5542
4847
-4934
-5846
5604
-87
-1112
-8509
-7956
-8868
-2323
-8068
-7010
6325
-7542
-1241
-7115
2595
-9861
-1707
3236
-3752
9966
2707
-8483
4637
1933
9545
8238
-5605
2116
2801
-1235
-6401
-9565
-2356
9534
-6752
5393
3297
2387
7238
-6277
-248
-686
-378
6042
-3161
4175
-1326
2262
1602
2297
-9482
3220
7020
-3104
9647
-4176
-8326
5667
8294
-8741
3533
2284
-2119
752
-4857
-3687
-8154
-6749
-8675
8534
8874
9828
-6601
2463
6795
-4356
-5291
-8577
1029
5057
-8679
679
8130
-2610
2432
-7453
2843
-4656
9190
-5632
-525
-315
-3869
5454
176
-7173
9840
9572
2644
-3855
8102
4345
3143
5246
1147
-3492
2266
4549
5316
7093
-1304
-2507
4945
3774
-7356
-811
-2887
-9303
9186
8425
-9112
-7196
7308
-4000
2818
-3975
6913
9297
-8288
6438
-3918
4656
-5817
1608
9543
7037
-7625
-2383
-5489
-5236
8611
8679
6743
-6490
-2532
-2767
8226
-3514
-2569
-994
-8198
260
9005
8154
6131
-3466
-5373
8966
4810
-5439
9456
-1400
-99
1684
5989
8400
-7652
8852
-8012
-6885
-4055
-7634
-1573
-3163
3415
-5028
3203
-104
-4176
-4555
-7734
316
3060
-9136
9680
4818
-8350
-7813
-9509
-5010
4800
-8793
1881
4107
-7373
-3530
-2251
474
9146
-2328
-7230
6499
-792
-4212
5895
-2874
-2098
-6950
-466
8849
-7335
8048
372
-5723
-1875
-1781
-8287
7033
-1431
9024
7664
6263
-8139
9827
3876
7605
681
5675
1359
-6713
6737
250
-3327
9760
-1179
-5786
-9145
1734
5598
-1942
31
841
-2191
-704
-5024
7798
-9314
-9457
-3614
-2350
-8393
1851
-1391
1939
9794
2421
2876
-7805
9960
-3220
-5112
-9528
7104
-4993
-8888
1423
1763
-9770
-3527
-1454
9170
-6075
3787
-2118
6788
-5920
-5777
5296
-2104
-2120
-8233
-1451
-3399
-7745
1837
-7476
-9981
2880
-7044
1390
4581
-7811
9115
147
-2250
5326
2124
747
610
6773
9418
-5260
8210
-4551
-8766
-4420
-3842
-2573
-2675
3233
5873
-8566
-6910
-733
-7978
-740
8674
-5403
8661
8258
-9428
-499
-5696
1102
-290
773
-5364
3843
7771
-900
-3076
-8821
8566
-6440
3012
2942
8806
8212
2153
1051
-55
4142
-4379
8697
4379
5054
-584
-6692
-9271
9690
3226
3521
-6517
8334
-9229
-5573
111
2666
-5483
7230
6850
-2500
-4132
1563
-4837
-330
1518
-207
8446
-4981
-6
-5740
-3662
-2092
8780
3757
4043
5520
1081
6502
-2261
4818
9601
-5161
7816
9594
6780
-2127
-1998
5156
8506
318
-1896
-5065
-1440
-5072
8212
-9362
-1758
-6373
6730
-2793
-3052
3123
2340
7577
-9492
-7474
-3535
-8228
-200
6810
-4480
9749
2256
771
-5480
6552
8770
-8844
7911
-2581
-6361
659
-2226
5302
5659
6710
5733
9730
-5081
7827
-7783
-9278
4967
7697
-8947
-7457
3269
-6157
3514
-8421
-5968
-1511
-9250
2451
-358
9208
-6354
4717
-972
9253
-1461
-9626
8396
952
-3796
-9771
-9517
-6449
5941
6414
-2720
9860
-6585
5770
9386
-1295
-1048
-8388
-3877
9905
2422
3901
8098
4462
-5672
4168
-8596
8793
-7008
2420
5235
-5126
3301
-8835
-6992
-7137
8814
-6489
-983
6135
-3298
-7637
7325
-2783
14
-1449
3706
-1015
3451
8863
9293
1208
9763
-3230
3261
8879
7323
1328
7989
9834
-3031
-7354
-7848
6863
-6084
-4145
-2193
-7875
9172
-8682
3109
-8507
-1095
-7720
-1889
-3656
4308
3319
9619
-9646
-9774
4829
6269
6304
1996
-4124
8086
5822
-9510
4542
2195
-3224
-3737
-704
-2742
-6024
4613
-573
-9730
-2038
7803
-1257
7873
4813
-5831
6484
4832
7039
-391
-2764
-4992
3098
-3813
6261
-1483
2375
-5598
3565
-1638
2771
-7290
-4780
6824
-1274
9167
268
-277
4860
-7125
6044
-378
-9764
8448
8753
-1557
3937
-6468
1981
3616
1414
3906
-4840
7860
-5549
8665
-2434
-6062
-232
-2812
3392
-4225
5638
3156
5472
-9610
8906
5099
1956
-8880
-8963
-4378
-725
4717
4024
-3539
3119
4793
804
4840
-5126
6435
-7117
-5484
9386
-4871
3754
3368
-7247
1222
-1292
-4448
9063
-5436
2118
8635
2549
-286
-4895
5552
279
-8735
4518
3882
-573
-8361
6092
9649
2237
-1419
-4437
-2731
-4290
-8204
-280
-2395
2548
-1020
4165
3831
-4488
-6442
-4428
8689
-538
-8345
-1321
-3575
-8602
-2353
-8342
6561
4686
-2535
1434
-1783
-1847
-9121
8308
2008
-2937
-6479
-1876
9968
7213
9422
2201
5053
3953
-5927
1964
4800
3579
5641
6768
295
-9866
-3016
4075
-3843
140
2667
-3976
-7492
9295
8353
8753
-5415
-9137
467
8478
-4085
-6405
1016
5992
9161
8829
9398
5513
-2051
3714
-3560
8997
-1849
-7886
2856
-3356
9257
9756
6458
7586
-4977
9689
4872
-5354
5738
-3088
-4680
9798
-5931
3683
-5128
-7463
-7995
-2516
3917
4858
-7091
-724
9918
5172
-7889
-6915
4021
-6507
-9424
6670
7463
-40
-5751
-2464
3687
-1724
9424
3784
7821
-8419
3617
3685
6766
-6146
3923
-1863
4606
-6656
1603
-5577
7827
7574
3024
-6635
6857
1870
3580
1354
9288
2578
3177
5245
5924
4449
-8416
7368
-8446
-3267
3864
-5184
-1209
8484
213
-5166
4484
8787
-926
-3501
2186
-2524
9636
-8033
3731
3918
5518
2675
3491
5445
4905
7716
-9027
3448
-8813
-1352
2694
7085
-6517
6816
-1064
-2321
-2052
6888
7033
-9028
4118
-5325
8726
-3848
3266
-4522
-8449
1436
-1125
3491
7407
1912
1189
-274
9064
738
3049
-198
-5808
5705
3518
6896
-4266
2329
-4067
-451
4098
-8378
-6094
7794
2063
3153
3203
-7815
3200
-266
1381
-1493
8541
1967
1936
723
5700
-1360
-9381
7278
-4776
6445
4803
-1492
-5816
6840
-7897
1463
3250
-5733
-5041
-4316
-8099
4063
-7155
-8107
-9276
826
5019
-103
-5669
-5822
-8818
-9429
4929
-7781
-8671
3045
7587
9644
-8455
-1748
-8256
7336
-4463
-1382
-9929
9613
-4221
-1778
-5433
7044
-6099
-807
-2897
5669
542
6687
7290
9752
8644
6563
-9499
-3737
-9766
-7744
7389
4893
5644
7382
-5478
-9230
455
6501
9253
9377
1342
-7328
3724
-4065
-9794
5401
2042
-1898
1565
162
6365
5414
5412
311
7441
2686
161
5457
3107
-417
-3511
-2413
-5805
7073
-2464
-469
-1252
-2986
7913
-7620
-5067
-8439
-2677
2187
1521
-4076
-1600
-8118
-578
-3705
8130
-4225
443
-6783
-2173
8597
-6481
-4126
-6812
4802
3912
2084
582
670
-930
3189
814
-822
7303
-9243
-3954
-1463
5906
-1460
5122
-2997
6448
7278
-426
1195
-3112
8317
7935
1036
1420
-8302
3227
-9174
-8972
9146
-3393
-6943
-9548
1914
-7029
2439
-7349
-6380
-7605
8570
-1544
4390
6125
332
-6196
7051
-1014
-4264
4631
5893
-4431
9133
-6050
-2728
-4078
-3398
4864
-5145
-8055
-5740
-3111
-4323
-6313
-6060
-2226
468
4010
2564
-4232
6428
4367
-2442
5125
6681
-3689
-4133
-6867
9585
-7447
-1126
-4092
4271
-1703
-7046
-2029
7238
-3622
2420
7811
5945
-5175
-9776
1174
-4521
-1640
1504
5842
1245
-9870
-4887
5939
8006
-198
-962
9371
3941
2716
-2743
5247
8986
-7424
7877
-9738
8629
8227
4873
-7598
5047
5775
3939
4172
3834
2225
-2162
-3196
-5607
9455
2736
-4236
7771
6837
1397
5339
-8842
-2164
8756
3762
-3884
-9816
7441
5227
-4338
2394
7868
4614
-3497
-918
-4136
-7163
-5420
9345
2029
3500
-5118
-360
-4884
-1622
-5286
4221
6975
6153
1654
9479
-8612
-5238
-5604
-8877
3398
759
-9230
-2527
6465
1767
3458
3329
-8558
4364
-5608
9380
-5762
3407
-1684
-3693
5485
7280
2404
9295
-2298
-274
4801
4531
328
-8368
-1532
-1381
9877
-1465
6840
3725
-3247
-9672
-1999
2235
5835
451
-7057
-224
-6594
1002
-5115
-9956
9162
6852
7668
-8787
6884
-938
-8806
3186
-5964
1510
-1504
4460
-2565
-4149
6635
4927
5463
-6969
-1627
908
-128
4935
-4447
-8150
8187
3410
7996
6008
536
-9654
-8816
-7152
-3247
6681
2682
5047
2881
4974
-3430
-6907
6990
-9387
-8401
-9748
-2123
538
9288
-943
-5114
6383
-8133
-7535
-9523
5593
-6100
8567
-7876
-322
669
-9287
4764
1897
7503
5989
9538
2163
9928
-2458
-9212
6059
2156
-5577
639
-8491
3272
-8239
3953
3178
6528
1046
9827
-7126
-9191
2052
3213
778
-3396
-241
-869
3891
2895
3071
-6791
4997
4836
-8086
-3389
-6486
5752
3778
7539
1962
9738
1721
5123
7221
2022
3512
-1792
3940
-9839
-4779
-7510
2926
3112
5941
-1087
8777
1115
6400
-6622
-2720
-1661
-4407
-738
-2543
-5438
-6400
-8536
-3200
-511
-1622
4942
996
2833
-3848
-9664
-3244
761
-9965
4456
-4451
-5321
5709
-2078
4651
-3426
2998
6317
9927
-1905
8357
1474
6274
-7214
8425
-7569
-1817
-876
7844
8736
-6199
-3210
-7523
-1766
3147
1695
-3609
-5323
3614
9884
2986
-1643
1711
6628
4141
943
4394
3686
-2852
-627
344
6326
7976
-752
-1296
54
-5558
-6262
606
6341
-539
-5050
-4747
8058
-945
-1683
-5146
7688
-5239
8245
-4861
6004
4347
4020
-641
-2514
-9554
1717
842
6223
324
-3787
4669
3874
9155
-2264
115
3019
1281
-4734
-9419
-7383
8243
3021
-2037
-6269
-7101
7747
-7183
-5562
8069
4332
1049
8257
6413
-794
3388
404
2704
-5486
2062
323
1884
-2458
-5902
-7380
-5118
1438
8081
-8925
5392
9829
4338
7532
-8058
8111
6935
-6085
-5078
-6203
-3338
9911
9890
1385
-8827
8336
7649
-7419
7161
8932
1168
-6524
1705
6360
-2368
-8512
5624
-4325
2073
9159
6252
2288
7155
-7275
-5965
-4608
-8954
-7327
-6170
7845
6569
-6858
-8379
-9342
8303
7704
1815
7581
2924
-2745
-3545
4584
-401
5347
-3470
7287
4020
-9861
-5491
8122
-4342
-5250
-2331
-6338
-5096
5231
1954
4057
974
4866
5858
4496
-1678
-304
7218
-5883
-7430
9554
-2612
-8562
565
9584
-2353
6684
-7829
8904
5103
-1879
-2949
-3648
-5298
9305
1592
6428
-3463
-7879
38
-5288
-3252
3548
9490
-6468
-1184
-2572
-6347
2260
4922
-6089
-6197
-1084
-4558
-2071
5289
2993
5406
-4252
7444
5469
-950
4912
8605
5011
825
2453
1221
2870
1669
-3656
-9563
2219
-1311
4115
134
-3716
-5305
3654
3713
4010
2482
9756
6492
-3161
-1674
241
-4783
-8591
9952
-5415
6772
-3501
-7696
-1995
2441
8817
3465
-1379
-3156
8661
-9097
7512